       Jan.       Feb.       Mar.       Apr.       May        June       July       Aug.       Sept.      Oct.       Nov.       Dec.  
Day Rise  Set  Rise  Set  Rise  Set  Rise  Set  Rise  Set  Rise  Set  Rise  Set  Rise  Set  Rise  Set  Rise  Set  Rise  Set  Rise  Set
     h m  h m   h m  h m   h m  h m   h m  h m   h m  h m   h m  h m   h m  h m   h m  h m   h m  h m   h m  h m   h m  h m   h m  h m
01  0754 1729  0742 1801  0709 1832  0623 1901  0541 1929  0517 1955  0519 2005  0541 1947  0608 1907  0634 1820  0704 1739  0736 1719
02  0754 1730  0741 1803  0708 1833  0621 1902  0540 1930  0516 1956  0520 2004  0542 1946  0609 1906  0635 1819  0705 1737  0737 1718
03  0754 1731  0740 1804  0706 1834  0620 1903  0539 1931  0516 1957  0520 2004  0543 1945  0610 1904  0636 1817  0706 1736  0737 1718
04  0755 1732  0740 1805  0705 1835  0618 1904  0538 1932  0516 1957  0521 2004  0544 1944  0611 1902  0637 1816  0707 1735  0738 1718
05  0755 1733  0739 1806  0704 1836  0617 1905  0537 1933  0516 1958  0521 2004  0545 1943  0611 1901  0638 1814  0708 1734  0739 1718
06  0755 1734  0738 1807  0702 1837  0615 1906  0536 1934  0515 1958  0522 2004  0545 1942  0612 1859  0638 1813  0709 1733  0740 1718
07  0754 1735  0737 1808  0701 1838  0614 1907  0535 1935  0515 1959  0522 2003  0546 1941  0613 1858  0639 1811  0710 1732  0741 1718
08  0754 1736  0736 1809  0659 1839  0612 1908  0534 1936  0515 1959  0523 2003  0547 1939  0614 1856  0640 1810  0712 1732  0742 1718
09  0754 1737  0734 1810  0658 1840  0611 1909  0533 1937  0515 2000  0523 2003  0548 1938  0615 1855  0641 1808  0713 1731  0743 1718
10  0754 1738  0733 1811  0656 1841  0609 1910  0532 1937  0515 2000  0524 2002  0549 1937  0616 1853  0642 1807  0714 1730  0743 1718
11  0754 1739  0732 1813  0655 1842  0608 1911  0531 1938  0515 2001  0525 2002  0550 1936  0617 1852  0643 1806  0715 1729  0744 1718
12  0754 1740  0731 1814  0653 1843  0606 1911  0530 1939  0515 2001  0525 2002  0551 1935  0617 1850  0644 1804  0716 1728  0745 1719
13  0753 1741  0730 1815  0652 1843  0605 1912  0529 1940  0515 2002  0526 2001  0552 1933  0618 1849  0645 1803  0717 1727  0746 1719
14  0753 1742  0729 1816  0650 1844  0604 1913  0528 1941  0515 2002  0527 2001  0552 1932  0619 1847  0646 1801  0718 1727  0746 1719
15  0753 1743  0728 1817  0649 1845  0602 1914  0527 1942  0515 2002  0528 2000  0553 1931  0620 1845  0647 1800  0719 1726  0747 1719
16  0752 1744  0726 1818  0647 1846  0601 1915  0526 1943  0515 2003  0528 2000  0554 1930  0621 1844  0648 1758  0720 1725  0748 1720
17  0752 1745  0725 1819  0646 1847  0559 1916  0526 1944  0515 2003  0529 1959  0555 1928  0622 1842  0649 1757  0721 1724  0748 1720
18  0752 1746  0724 1820  0644 1848  0558 1917  0525 1944  0515 2003  0530 1958  0556 1927  0622 1841  0650 1756  0722 1724  0749 1721
19  0751 1747  0723 1821  0643 1849  0557 1918  0524 1945  0515 2004  0530 1958  0557 1926  0623 1839  0651 1754  0723 1723  0750 1721
20  0751 1748  0721 1822  0641 1850  0555 1919  0523 1946  0515 2004  0531 1957  0558 1924  0624 1838  0652 1753  0724 1723  0750 1721
21  0750 1749  0720 1823  0640 1851  0554 1920  0523 1947  0516 2004  0532 1956  0558 1923  0625 1836  0653 1752  0725 1722  0751 1722
22  0750 1750  0719 1824  0638 1852  0553 1921  0522 1948  0516 2004  0533 1956  0559 1921  0626 1834  0654 1750  0727 1722  0751 1722
23  0749 1751  0718 1825  0636 1853  0551 1922  0521 1949  0516 2004  0534 1955  0600 1920  0627 1833  0655 1749  0728 1721  0752 1723
24  0748 1752  0716 1827  0635 1854  0550 1923  0521 1949  0516 2005  0534 1954  0601 1919  0628 1831  0656 1748  0729 1721  0752 1724
25  0748 1754  0715 1828  0633 1855  0549 1924  0520 1950  0517 2005  0535 1953  0602 1917  0629 1830  0657 1747  0730 1720  0752 1724
26  0747 1755  0713 1829  0632 1856  0547 1925  0520 1951  0517 2005  0536 1952  0603 1916  0629 1828  0658 1745  0731 1720  0753 1725
27  0746 1756  0712 1830  0630 1857  0546 1925  0519 1952  0517 2005  0537 1952  0604 1914  0630 1827  0659 1744  0732 1720  0753 1725
28  0746 1757  0711 1831  0629 1858  0545 1926  0519 1952  0518 2005  0538 1951  0605 1913  0631 1825  0700 1743  0733 1719  0753 1726
29  0745 1758             0627 1859  0544 1927  0518 1953  0518 2005  0539 1950  0605 1911  0632 1824  0701 1742  0734 1719  0754 1727
30  0744 1759             0626 1859  0543 1928  0518 1954  0519 2005  0539 1949  0606 1910  0633 1822  0702 1741  0735 1719  0754 1728
31  0743 1800             0624 1900             0517 1955             0540 1948  0607 1909             0703 1740             0754 1728

                                             Add one hour for daylight time, if and when in use.

http://aa.usno.navy.mil/data/docs/RS_OneYear.php
http://aa.usno.navy.mil/cgi-bin/aa_rstablew.pl?ID=AA&year=2017&task=0&state=KY&place=Lexington

             o  ,    o  ,                                 LEXINGTON, KENTUCKY                          Astronomical Applications Dept.
Location: W084 29, N38 04                          Rise and Set for the Sun for 2017                   U. S. Naval Observatory        
                                                                                                       Washington, DC  20392-5420     
                                                         Eastern Standard Time                                                        

